# Extract of 06/4_结果/光产生率输入/g1D_L655.txt (TMM, glass/ITO130/ZnO40/BHJ655/MoOx7/Ag100).
# col0 = distance from BHJ bottom (nm, cathode side, light enters here); col1, col2 = g (1/cm) at 800 and 1100 nm
0.5 93566.9 13966.6
1.5 92566.9 13798.2
2.5 91577.8 13624.9
3.5 90599.3 13446.8
4.5 89631.3 13264.1
5.5 88673.8 13077
6.5 87726.6 12885.6
7.5 86789.6 12690.1
8.5 85862.7 12490.8
9.5 84945.8 12287.8
10.5 84038.8 12081.2
11.5 83141.6 11871.4
12.5 82254.1 11658.4
13.5 81376.1 11442.6
14.5 80507.6 11224
15.5 79648.4 11003
16.5 78798.5 10779.7
17.5 77957.8 10554.4
18.5 77126.1 10327.2
19.5 76303.4 10098.5
20.5 75489.5 9868.28
21.5 74684.5 9636.92
22.5 73888 9404.61
23.5 73100.2 9171.57
24.5 72320.8 8938.02
25.5 71549.9 8704.2
26.5 70787.2 8470.31
27.5 70032.7 8236.6
28.5 69286.4 8003.28
29.5 68548.1 7770.58
30.5 67817.7 7538.72
31.5 67095.2 7307.92
32.5 66380.4 7078.41
33.5 65673.3 6850.41
34.5 64973.9 6624.14
35.5 64281.9 6399.81
36.5 63597.4 6177.64
37.5 62920.2 5957.84
38.5 62250.3 5740.63
39.5 61587.6 5526.21
40.5 60932 5314.8
41.5 60283.4 5106.58
42.5 59641.8 4901.77
43.5 59007 4700.56
44.5 58379.1 4503.15
45.5 57757.8 4309.71
46.5 57143.3 4120.44
47.5 56535.3 3935.53
48.5 55933.8 3755.14
49.5 55338.7 3579.44
50.5 54750 3408.62
51.5 54167.6 3242.83
52.5 53591.5 3082.23
53.5 53021.4 2926.97
54.5 52457.5 2777.2
55.5 51899.6 2633.07
56.5 51347.6 2494.72
57.5 50801.5 2362.26
58.5 50261.2 2235.84
59.5 49726.7 2115.57
60.5 49197.9 2001.56
61.5 48674.7 1893.93
62.5 48157.1 1792.77
63.5 47644.9 1698.18
64.5 47138.2 1610.26
65.5 46636.9 1529.07
66.5 46141 1454.71
67.5 45650.2 1387.23
68.5 45164.7 1326.7
69.5 44684.4 1273.18
70.5 44209.1 1226.72
71.5 43738.8 1187.35
72.5 43273.6 1155.12
73.5 42813.2 1130.05
74.5 42357.8 1112.17
75.5 41907.1 1101.48
76.5 41461.2 1098
77.5 41020 1101.72
78.5 40583.5 1112.64
79.5 40151.5 1130.75
80.5 39724.2 1156.02
81.5 39301.3 1188.43
82.5 38882.9 1227.94
83.5 38468.9 1274.51
84.5 38059.2 1328.1
85.5 37653.9 1388.63
86.5 37252.8 1456.07
87.5 36855.9 1530.33
88.5 36463.2 1611.34
89.5 36074.6 1699.02
90.5 35690.1 1793.27
91.5 35309.6 1894.01
92.5 34933.1 2001.14
93.5 34560.6 2114.54
94.5 34191.9 2234.1
95.5 33827.2 2359.71
96.5 33466.2 2491.23
97.5 33109 2628.53
98.5 32755.6 2771.49
99.5 32405.8 2919.95
100.5 32059.7 3073.77
101.5 31717.2 3232.79
102.5 31378.3 3396.86
103.5 31042.9 3565.81
104.5 30711 3739.48
105.5 30382.6 3917.69
106.5 30057.6 4100.27
107.5 29736 4287.04
108.5 29417.7 4477.8
109.5 29102.8 4672.37
110.5 28791.1 4870.57
111.5 28482.7 5072.18
112.5 28177.5 5277.02
113.5 27875.5 5484.87
114.5 27576.6 5695.54
115.5 27280.8 5908.82
116.5 26988.1 6124.48
117.5 26698.5 6342.33
118.5 26411.8 6562.14
119.5 26128.2 6783.7
120.5 25847.5 7006.79
121.5 25569.7 7231.19
122.5 25294.8 7456.67
123.5 25022.8 7683.02
124.5 24753.6 7910
125.5 24487.2 8137.4
126.5 24223.5 8364.99
127.5 23962.6 8592.54
128.5 23704.5 8819.84
129.5 23449 9046.64
130.5 23196.2 9272.74
131.5 22946 9497.91
132.5 22698.4 9721.93
133.5 22453.4 9944.56
134.5 22210.9 10165.6
135.5 21971 10384.8
136.5 21733.6 10602
137.5 21498.7 10817
138.5 21266.2 11029.4
139.5 21036.1 11239.3
140.5 20808.5 11446.2
141.5 20583.2 11650.1
142.5 20360.3 11850.6
143.5 20139.7 12047.7
144.5 19921.4 12241.1
145.5 19705.4 12430.7
146.5 19491.7 12616.2
147.5 19280.2 12797.4
148.5 19071 12974.3
149.5 18863.9 13146.5
150.5 18659.1 13314
151.5 18456.4 13476.5
152.5 18255.8 13633.9
153.5 18057.3 13786.1
154.5 17861 13932.9
155.5 17666.7 14074.2
156.5 17474.4 14209.7
157.5 17284.2 14339.5
158.5 17096.1 14463.2
159.5 16909.9 14580.9
160.5 16725.7 14692.4
161.5 16543.4 14797.7
162.5 16363.1 14896.4
163.5 16184.8 14988.7
164.5 16008.3 15074.4
165.5 15833.7 15153.4
166.5 15661 15225.6
167.5 15490.1 15291
168.5 15321.1 15349.5
169.5 15153.9 15401
170.5 14988.4 15445.5
171.5 14824.8 15482.9
172.5 14662.9 15513.3
173.5 14502.8 15536.4
174.5 14344.4 15552.4
175.5 14187.8 15561.3
176.5 14032.8 15562.9
177.5 13879.5 15557.4
178.5 13727.9 15544.6
179.5 13577.9 15524.7
180.5 13429.6 15497.6
181.5 13282.9 15463.4
182.5 13137.8 15422
183.5 12994.3 15373.6
184.5 12852.4 15318.1
185.5 12712 15255.7
186.5 12573.2 15186.3
187.5 12435.9 15110.1
188.5 12300.2 15027.1
189.5 12165.9 14937.4
190.5 12033.2 14841.1
191.5 11901.9 14738.2
192.5 11772 14628.9
193.5 11643.7 14513.3
194.5 11516.7 14391.5
195.5 11391.2 14263.6
196.5 11267.1 14129.7
197.5 11144.4 13990
198.5 11023 13844.5
199.5 10903.1 13693.4
200.5 10784.5 13537
201.5 10667.2 13375.2
202.5 10551.2 13208.4
203.5 10436.6 13036.5
204.5 10323.3 12859.9
205.5 10211.3 12678.6
206.5 10100.5 12492.9
207.5 9991 12302.9
208.5 9882.76 12108.8
209.5 9775.77 11910.8
210.5 9669.99 11709.1
211.5 9565.44 11503.8
212.5 9462.08 11295.3
213.5 9359.92 11083.6
214.5 9258.94 10869
215.5 9159.12 10651.7
216.5 9060.46 10431.9
217.5 8962.94 10209.8
218.5 8866.56 9985.58
219.5 8771.29 9759.55
220.5 8677.13 9531.87
221.5 8584.07 9302.78
222.5 8492.09 9072.48
223.5 8401.19 8841.21
224.5 8311.35 8609.19
225.5 8222.56 8376.63
226.5 8134.8 8143.77
227.5 8048.08 7910.84
228.5 7962.37 7678.04
229.5 7877.67 7445.62
230.5 7793.96 7213.79
231.5 7711.24 6982.78
232.5 7629.49 6752.81
233.5 7548.7 6524.11
234.5 7468.86 6296.89
235.5 7389.96 6071.37
236.5 7311.99 5847.78
237.5 7234.93 5626.32
238.5 7158.79 5407.22
239.5 7083.54 5190.67
240.5 7009.18 4976.9
241.5 6935.7 4766.11
242.5 6863.08 4558.5
243.5 6791.31 4354.28
244.5 6720.4 4153.63
245.5 6650.31 3956.75
246.5 6581.05 3763.84
247.5 6512.6 3575.08
248.5 6444.96 3390.64
249.5 6378.12 3210.72
250.5 6312.05 3035.48
251.5 6246.76 2865.08
252.5 6182.24 2699.71
253.5 6118.47 2539.5
254.5 6055.44 2384.62
255.5 5993.15 2235.22
256.5 5931.58 2091.44
257.5 5870.73 1953.42
258.5 5810.59 1821.29
259.5 5751.14 1695.18
260.5 5692.38 1575.2
261.5 5634.3 1461.48
262.5 5576.89 1354.12
263.5 5520.14 1253.23
264.5 5464.03 1158.9
265.5 5408.57 1071.21
266.5 5353.74 990.264
267.5 5299.54 916.126
268.5 5245.95 848.869
269.5 5192.96 788.557
270.5 5140.57 735.246
271.5 5088.78 688.986
272.5 5037.56 649.82
273.5 4986.91 617.784
274.5 4936.82 592.908
275.5 4887.29 575.213
276.5 4838.31 564.714
277.5 4789.86 561.42
278.5 4741.94 565.331
279.5 4694.55 576.442
280.5 4647.67 594.739
281.5 4601.3 620.203
282.5 4555.42 652.807
283.5 4510.03 692.516
284.5 4465.13 739.29
285.5 4420.7 793.081
286.5 4376.74 853.834
287.5 4333.25 921.488
288.5 4290.2 995.975
289.5 4247.6 1077.22
290.5 4205.44 1165.14
291.5 4163.71 1259.65
292.5 4122.41 1360.66
293.5 4081.52 1468.05
294.5 4041.05 1581.74
295.5 4000.98 1701.6
296.5 3961.3 1827.51
297.5 3922.02 1959.35
298.5 3883.13 2096.99
299.5 3844.61 2240.3
300.5 3806.47 2389.12
301.5 3768.69 2543.32
302.5 3731.27 2702.74
303.5 3694.21 2867.22
304.5 3657.5 3036.6
305.5 3621.13 3210.71
306.5 3585.09 3389.39
307.5 3549.39 3572.45
308.5 3514.01 3759.71
309.5 3478.96 3951
310.5 3444.22 4146.11
311.5 3409.79 4344.86
312.5 3375.67 4547.05
313.5 3341.85 4752.49
314.5 3308.33 4960.96
315.5 3275.09 5172.27
316.5 3242.14 5386.21
317.5 3209.48 5602.56
318.5 3177.09 5821.12
319.5 3144.97 6041.66
320.5 3113.13 6263.97
321.5 3081.55 6487.83
322.5 3050.22 6713.02
323.5 3019.16 6939.32
324.5 2988.35 7166.51
325.5 2957.79 7394.36
326.5 2927.47 7622.64
327.5 2897.39 7851.14
328.5 2867.56 8079.63
329.5 2837.96 8307.88
330.5 2808.59 8535.66
331.5 2779.45 8762.77
332.5 2750.53 8988.96
333.5 2721.84 9214.02
334.5 2693.37 9437.72
335.5 2665.11 9659.86
336.5 2637.07 9880.2
337.5 2609.24 10098.5
338.5 2581.62 10314.6
339.5 2554.2 10528.3
340.5 2526.99 10739.3
341.5 2499.98 10947.5
342.5 2473.18 11152.6
343.5 2446.57 11354.4
344.5 2420.15 11552.8
345.5 2393.93 11747.5
346.5 2367.9 11938.4
347.5 2342.07 12125.2
348.5 2316.42 12307.8
349.5 2290.96 12486
350.5 2265.68 12659.7
351.5 2240.59 12828.5
352.5 2215.68 12992.5
353.5 2190.95 13151.4
354.5 2166.41 13305
355.5 2142.04 13453.3
356.5 2117.85 13596.1
357.5 2093.84 13733.1
358.5 2070.01 13864.4
359.5 2046.35 13989.7
360.5 2022.87 14108.9
361.5 1999.56 14222
362.5 1976.42 14328.8
363.5 1953.46 14429.1
364.5 1930.67 14523
365.5 1908.05 14610.3
366.5 1885.61 14690.9
367.5 1863.33 14764.7
368.5 1841.23 14831.7
369.5 1819.3 14891.8
370.5 1797.54 14945
371.5 1775.94 14991.1
372.5 1754.52 15030.2
373.5 1733.27 15062.1
374.5 1712.19 15087
375.5 1691.28 15104.6
376.5 1670.54 15115.1
377.5 1649.97 15118.4
378.5 1629.57 15114.5
379.5 1609.35 15103.4
380.5 1589.29 15085.1
381.5 1569.41 15059.7
382.5 1549.69 15027.1
383.5 1530.15 14987.4
384.5 1510.78 14940.6
385.5 1491.58 14886.7
386.5 1472.56 14825.9
387.5 1453.71 14758.2
388.5 1435.03 14683.6
389.5 1416.53 14602.2
390.5 1398.2 14514.1
391.5 1380.05 14419.3
392.5 1362.07 14318
393.5 1344.27 14210.3
394.5 1326.65 14096.3
395.5 1309.2 13976
396.5 1291.93 13849.6
397.5 1274.84 13717.2
398.5 1257.93 13579
399.5 1241.19 13435
400.5 1224.64 13285.4
401.5 1208.26 13130.4
402.5 1192.07 12970.1
403.5 1176.05 12804.6
404.5 1160.22 12634.2
405.5 1144.57 12458.9
406.5 1129.1 12279
407.5 1113.81 12094.7
408.5 1098.71 11906
409.5 1083.79 11713.2
410.5 1069.05 11516.5
411.5 1054.5 11316.1
412.5 1040.13 11112.1
413.5 1025.95 10904.8
414.5 1011.95 10694.3
415.5 998.14 10480.9
416.5 984.513 10264.7
417.5 971.071 10046.1
418.5 957.815 9825.08
419.5 944.745 9602.01
420.5 931.861 9377.05
421.5 919.163 9150.43
422.5 906.651 8922.37
423.5 894.325 8693.08
424.5 882.185 8462.79
425.5 870.231 8231.73
426.5 858.463 8000.12
427.5 846.88 7768.17
428.5 835.483 7536.13
429.5 824.272 7304.2
430.5 813.245 7072.62
431.5 802.403 6841.62
432.5 791.745 6611.4
433.5 781.271 6382.21
434.5 770.98 6154.26
435.5 760.872 5927.76
436.5 750.946 5702.95
437.5 741.202 5480.04
438.5 731.64 5259.25
439.5 722.257 5040.78
440.5 713.054 4824.85
441.5 704.03 4611.68
442.5 695.184 4401.46
443.5 686.515 4194.4
444.5 678.023 3990.7
445.5 669.705 3790.57
446.5 661.562 3594.18
447.5 653.591 3401.74
448.5 645.793 3213.43
449.5 638.165 3029.43
450.5 630.707 2849.92
451.5 623.417 2675.07
452.5 616.294 2505.06
453.5 609.337 2340.04
454.5 602.543 2180.18
455.5 595.913 2025.63
456.5 589.443 1876.55
457.5 583.133 1733.07
458.5 576.981 1595.33
459.5 570.985 1463.47
460.5 565.144 1337.62
461.5 559.456 1217.89
462.5 553.918 1104.4
463.5 548.53 997.265
464.5 543.289 896.583
465.5 538.193 802.451
466.5 533.241 714.962
467.5 528.43 634.198
468.5 523.758 560.237
469.5 519.223 493.15
470.5 514.824 433.001
471.5 510.557 379.848
472.5 506.421 333.74
473.5 502.414 294.723
474.5 498.533 262.832
475.5 494.775 238.097
476.5 491.139 220.541
477.5 487.622 210.18
478.5 484.222 207.023
479.5 480.936 211.072
480.5 477.761 222.321
481.5 474.696 240.758
482.5 471.738 266.364
483.5 468.884 299.112
484.5 466.131 338.97
485.5 463.478 385.897
486.5 460.921 439.845
487.5 458.458 500.762
488.5 456.085 568.586
489.5 453.802 643.251
490.5 451.604 724.681
491.5 449.489 812.796
492.5 447.454 907.509
493.5 445.497 1008.73
494.5 443.615 1116.35
495.5 441.805 1230.27
496.5 440.064 1350.37
497.5 438.39 1476.54
498.5 436.78 1608.66
499.5 435.231 1746.58
500.5 433.741 1890.19
501.5 432.306 2039.32
502.5 430.924 2193.85
503.5 429.592 2353.61
504.5 428.307 2518.46
505.5 427.067 2688.22
506.5 425.869 2862.73
507.5 424.71 3041.81
508.5 423.588 3225.31
509.5 422.499 3413.02
510.5 421.441 3604.77
511.5 420.412 3800.38
512.5 419.408 3999.64
513.5 418.428 4202.36
514.5 417.468 4408.34
515.5 416.526 4617.39
516.5 415.6 4829.29
517.5 414.686 5043.84
518.5 413.783 5260.83
519.5 412.888 5480.04
520.5 411.998 5701.26
521.5 411.111 5924.27
522.5 410.224 6148.86
523.5 409.336 6374.8
524.5 408.444 6601.87
525.5 407.546 6829.85
526.5 406.639 7058.51
527.5 405.721 7287.64
528.5 404.79 7517
529.5 403.845 7746.37
530.5 402.882 7975.53
531.5 401.9 8204.24
532.5 400.896 8432.3
533.5 399.87 8659.47
534.5 398.819 8885.53
535.5 397.74 9110.26
536.5 396.633 9333.44
537.5 395.496 9554.84
538.5 394.327 9774.26
539.5 393.123 9991.48
540.5 391.885 10206.3
541.5 390.609 10418.4
542.5 389.296 10627.8
543.5 387.942 10834.1
544.5 386.547 11037.1
545.5 385.11 11236.8
546.5 383.629 11432.7
547.5 382.103 11624.9
548.5 380.531 11813
549.5 378.912 11996.9
550.5 377.245 12176.5
551.5 375.528 12351.5
552.5 373.761 12521.7
553.5 371.944 12687.1
554.5 370.075 12847.3
555.5 368.153 13002.4
556.5 366.179 13152.1
557.5 364.151 13296.3
558.5 362.068 13434.8
559.5 359.931 13567.6
560.5 357.739 13694.4
561.5 355.492 13815.1
562.5 353.189 13929.7
563.5 350.83 14038
564.5 348.416 14139.9
565.5 345.945 14235.3
566.5 343.418 14324.1
567.5 340.835 14406.3
568.5 338.196 14481.7
569.5 335.501 14550.3
570.5 332.751 14612
571.5 329.945 14666.7
572.5 327.085 14714.4
573.5 324.17 14755.1
574.5 321.2 14788.7
575.5 318.178 14815.1
576.5 315.102 14834.4
577.5 311.974 14846.5
578.5 308.794 14851.4
579.5 305.564 14849.1
580.5 302.284 14839.6
581.5 298.954 14822.9
582.5 295.576 14799.1
583.5 292.151 14768.1
584.5 288.679 14729.9
585.5 285.163 14684.7
586.5 281.602 14632.5
587.5 277.999 14573.3
588.5 274.354 14507.1
589.5 270.669 14434.1
590.5 266.945 14354.2
591.5 263.183 14267.7
592.5 259.385 14174.5
593.5 255.552 14074.8
594.5 251.686 13968.6
595.5 247.788 13856
596.5 243.86 13737.2
597.5 239.904 13612.3
598.5 235.921 13481.4
599.5 231.913 13344.6
600.5 227.882 13202.1
601.5 223.829 13054
602.5 219.756 12900.4
603.5 215.665 12741.5
604.5 211.559 12577.4
605.5 207.438 12408.3
606.5 203.304 12234.4
607.5 199.16 12055.9
608.5 195.008 11872.8
609.5 190.85 11685.4
610.5 186.687 11493.9
611.5 182.522 11298.5
612.5 178.356 11099.3
613.5 174.192 10896.5
614.5 170.032 10690.4
615.5 165.877 10481.1
616.5 161.731 10268.8
617.5 157.595 10053.8
618.5 153.47 9836.26
619.5 149.36 9616.37
620.5 145.267 9394.36
621.5 141.192 9170.45
622.5 137.137 8944.85
623.5 133.105 8717.78
624.5 129.098 8489.47
625.5 125.118 8260.14
626.5 121.167 8030
627.5 117.247 7799.29
628.5 113.361 7568.23
629.5 109.51 7337.04
630.5 105.696 7105.95
631.5 101.921 6875.18
632.5 98.1886 6644.97
633.5 94.4993 6415.52
634.5 90.8555 6187.07
635.5 87.2592 5959.83
636.5 83.7124 5734.04
637.5 80.2171 5509.9
638.5 76.775 5287.64
639.5 73.3883 5067.47
640.5 70.0586 4849.61
641.5 66.7879 4634.27
642.5 63.5779 4421.65
643.5 60.4304 4211.98
644.5 57.3473 4005.44
645.5 54.3301 3802.24
646.5 51.3806 3602.58
647.5 48.5003 3406.66
648.5 45.691 3214.66
649.5 42.9542 3026.76
650.5 40.2914 2843.16
651.5 37.704 2664.04
652.5 35.1936 2489.55
653.5 32.7615 2319.89
654.5 30.409 2155.2
